5
418536576203284370
550143540907016955
651482958403019000
827861248204206754
387011754408145676
564792174203045573
844991537805187905
929551225709155171
682512930108064379
947009803706097076
784521238202209940
462058245202237156
890253582807282239
494547954205170470
908892373607162586
727261861301027814
130335864002145607
887065996701027399
638733652405140251
222171167802281645
498560105511181828
866129226411225868
314661582206247088
686466493002286331
705995800007079992
398569419509212294
249984162111241578
105009638406199647
548585125707006837
656798987705000789
892872302805254183
695905522505168411
657378606601258202
136626403600185889
