20
90
33 90
39 50 80
70 34 75 78
14 62 24 9 52
25 44 0 24 74 0
53 30 31 93 7 80 22
35 3 3 64 14 29 50 97
24 64 59 74 19 16 32 84 32
54 3 48 40 61 53 44 66 26 33
1 50 61 25 57 5 63 57 71 48 3
22 60 81 53 89 72 39 80 5 50 17 43
70 8 46 26 18 11 60 10 13 89 83 38 40
12 71 63 19 66 89 63 71 25 29 53 77 73 55
40 44 15 4 56 9 25 31 57 5 47 49 47 94 44
32 42 10 2 43 39 73 54 71 47 1 43 5 46 22 32
28 98 67 92 47 54 63 90 70 9 33 17 1 67 22 90 50
9 15 35 57 12 22 82 16 64 84 91 36 70 50 10 1 60 56
17 32 43 65 40 55 69 57 77 45 77 59 94 0 8 79 77 75 44
23 39 52 86 92 68 14 8 63 43 58 57 0 17 35 84 64 14 87 63
