29 29
7825 8032 9173 7276 2952 7275 1344 9760 2436 6237 7548 5876 7894 4485 831 6256 3113 8591 2677 7862 7981 1598 850 1701 1564 5015 9680 3227 7178 
4881 8100 9473 7224 8487 5752 1987 638 3292 2469 9631 738 4616 1454 307 6304 3668 1452 5672 3684 2457 8253 7895 2757 7174 809 2540 4549 6584 
2308 6620 3324 7000 1483 5884 959 410 4510 411 6422 7302 2763 2565 8153 759 6774 6376 2168 3398 1696 2412 3708 3685 4575 7194 5222 3219 8756 
1234 8521 1538 5736 4742 3897 9996 9755 5075 4031 1293 5471 4983 5501 6210 4004 5722 5695 4113 7671 4093 7949 8789 8733 7465 2719 6174 2445 5850 
7606 5547 9752 5099 4030 730 9908 261 3392 2885 8365 3190 505 1441 218 3449 7136 4737 4534 6577 3448 6935 9870 8784 173 2760 6295 2131 9314 
6635 4231 9266 6198 7781 5419 1765 688 7825 6330 1158 367 2497 9328 6687 3510 3972 1899 8868 4650 5414 9259 2914 554 4297 658 1085 9429 6047 
4678 8026 1151 4593 3859 8157 1353 1361 3944 9173 7168 9299 8072 726 7441 3472 1221 2336 5234 4816 5222 9613 5426 8586 9646 2833 5218 4080 8886 
6947 366 7198 741 7075 4951 2383 6821 8550 7489 5538 75 5579 1208 4441 9764 7571 1296 8264 9183 7220 6931 2715 6461 9366 914 2408 3725 4742 
4708 6982 4965 7631 1699 2572 7903 1517 6498 5156 170 1787 3082 7373 5124 9548 9607 5355 7600 5613 2676 7138 4916 8733 8915 9226 3449 7125 6625 
2850 6088 7366 5356 6511 872 9713 6204 6342 6147 3903 638 871 2522 4520 677 1743 6964 9961 8226 6954 9337 4081 6390 8174 6683 4583 564 8715 
5584 7198 2129 3694 7889 9741 2553 8987 144 5078 719 492 2020 7097 1280 303 4054 8715 6875 1335 31 6009 1991 6965 4293 7520 1306 7264 9313 
2790 317 8362 3824 9208 1063 6535 6846 1214 756 3544 7881 928 6144 4821 8628 4275 1395 7040 6508 1648 2344 6651 5324 7197 4887 5929 3351 5784 
356 8109 4192 1686 5678 8161 693 8088 1124 778 7239 1445 3483 2127 745 9775 7444 6937 5642 8926 3017 7478 3187 5911 1813 6002 403 3341 9965 
7196 8953 4044 536 2226 9274 9918 3210 917 273 4084 4073 3644 9911 409 3315 9495 6962 9443 3643 2263 9295 4852 7242 830 8957 9407 4073 5514 
9393 4571 9335 6933 5106 2779 2902 8945 9072 6441 8542 2247 8214 2757 5733 163 2265 8391 1893 3219 6319 3068 7831 4034 2382 6165 4229 9120 244 
5349 1978 9127 2978 1329 4173 4115 7380 7783 2574 5406 4663 526 6363 581 1722 4978 5988 3181 8269 5989 9925 3682 166 9102 7158 3298 4262 7293 
3198 7184 5042 2268 2445 8589 8409 4369 4715 532 2904 162 8735 6563 3687 1756 426 7162 9572 6930 8787 3353 8453 4113 7177 4079 1416 1306 2838 
8914 855 2974 2434 2671 2902 4002 6453 3464 9495 4759 260 786 374 6335 4628 5181 344 26 3546 6046 2096 109 2139 9150 9910 3987 2481 419 
4545 8755 146 7555 4644 8260 9283 6043 4941 9706 9043 1127 6610 3876 9172 2293 45 8032 7561 1840 5400 5543 7601 4099 1194 1327 8118 6852 6293 
7147 3730 1523 5589 5836 8421 3705 4673 8513 152 574 3836 3843 9320 6767 6691 3415 8872 5278 3736 2297 8904 4931 6180 8827 3529 1003 322 2703 
2858 554 7821 5440 7879 9025 2148 2249 1064 9662 6552 9411 515 2349 3829 6192 448 3384 3235 5377 5849 2782 4830 1486 4087 656 6575 711 1334 
9249 4505 1672 6558 2164 1272 1027 946 7369 3386 3006 5538 5536 2449 6942 4904 268 722 1843 9659 1790 6305 2082 5651 656 8268 3267 2608 3033 
7034 2340 81 4144 325 981 3478 1399 9991 6382 8012 3814 27 8432 3369 9248 1099 7408 6915 6042 1882 1199 8243 612 2523 6158 2891 7565 559 
622 8022 3891 4574 5171 7896 3804 5931 8689 1940 5792 3880 4289 3219 8432 4359 4164 145 6535 7798 7422 9208 4195 6236 9975 1554 6288 5075 547 
1243 4987 9770 1843 7949 2869 2770 973 1971 9160 1031 8166 4329 687 9408 7848 9775 4104 232 1151 5518 943 4401 3910 3502 2064 4275 9200 9010 
3067 3711 8503 3444 7209 5534 537 4071 7421 1761 1832 8557 3954 6898 8098 7095 9241 9604 468 9945 6528 3059 5657 3201 3832 9331 4111 583 9798 
8053 5213 4087 3013 4740 3593 1292 1336 9043 5623 2132 2815 8250 139 2969 4742 6365 2480 745 2423 4060 5873 5062 4211 9815 9255 969 4374 7569 
5577 296 357 1185 9667 4330 6001 1037 9697 5650 7281 3054 1329 1941 2128 5500 8604 9585 891 3831 623 9855 9015 8932 8099 5518 8475 9037 8832 
661 9555 662 6171 1550 9517 8849 9529 1340 9720 2038 1007 6443 7772 1887 7203 7367 6251 3338 247 1845 4582 5254 7147 3058 5611 6936 1493 769 
