125
8578 86
6120 7
3511 27
3888 86
3072 33
6629 87
5256 5
5400 64
1768 56
8534 47
3183 51
5385 2
3750 57
4090 75
1308 42
7421 91
4120 59
9317 44
6485 37
6090 29
9635 47
5440 54
5363 40
1882 33
8611 3
5575 64
2451 44
6596 100
6991 100
5754 27
8502 14
4129 0
3202 11
8341 34
3233 2
7680 40
8651 42
6856 66
3205 35
8890 40
1238 20
1671 87
6432 28
1470 92
4809 36
1331 48
2915 10
9839 86
1936 5
3975 27
9586 51
7169 26
2417 83
1780 81
1126 56
9455 34
5321 9
5878 62
6406 11
1752 68
9445 50
5684 37
2490 23
7661 23
8018 25
7780 6
7039 44
5765 96
1581 81
5964 0
2438 10
7306 78
4115 39
2026 80
2925 78
3881 69
8723 49
2686 3
7444 49
1405 60
4031 83
5394 5
1129 60
8069 25
3911 95
3473 25
8189 26
6329 89
3302 5
2029 1
9740 98
5153 9
1355 77
4287 18
1657 30
4039 1
1448 14
2235 93
9896 20
5912 8
3295 87
7146 41
1698 62
7343 73
5376 42
4110 92
1644 92
1633 1
3404 1
5521 33
1353 56
9994 66
2094 35
1567 14
1579 53
3518 51
4508 31
7135 63
6486 49
8089 63
3186 92
2502 49
2630 94
5008 59
3287 50
